1.000000 0.001746 0.752482 0.013740 0.101672 0.001002 0.003212 0.027844 0.588166 0.003598 0.001846 0.004028 0.001138 0.041720
0.001746 1.000000 0.000000 0.000000 0.155143 0.329418 0.000000 0.257188 0.001320 0.000000 0.000000 0.067394 0.518305 0.263038
0.752482 0.000000 1.000000 0.128886 0.286242 0.000957 0.000594 0.000369 0.227965 0.001651 0.005749 0.124065 0.037073 0.002963
0.013740 0.000000 0.128886 1.000000 0.573255 0.000000 0.002693 0.004691 0.183225 0.000685 0.014988 0.312521 0.096103 0.005442
0.101672 0.155143 0.286242 0.573255 1.000000 0.139006 0.002040 0.122623 0.347232 0.003985 0.032470 0.817564 0.342893 0.147754
0.001002 0.329418 0.000957 0.000000 0.139006 1.000000 0.001024 0.283125 0.006023 0.000937 0.001209 0.003454 0.678054 0.397776
0.003212 0.000000 0.000594 0.002693 0.002040 0.001024 1.000000 0.353015 0.120754 0.214798 0.246996 0.032059 0.177564 0.480055
0.027844 0.257188 0.000369 0.004691 0.122623 0.283125 0.353015 1.000000 0.106628 0.004237 0.052549 0.000404 0.531795 0.424155
0.588166 0.001320 0.227965 0.183225 0.347232 0.006023 0.120754 0.106628 1.000000 0.134624 0.153155 0.157941 0.138935 0.314773
0.003598 0.000000 0.001651 0.000685 0.003985 0.000937 0.214798 0.004237 0.134624 1.000000 0.296530 0.042900 0.188450 0.517221
0.001846 0.000000 0.005749 0.014988 0.032470 0.001209 0.246996 0.052549 0.153155 0.296530 1.000000 0.059130 0.218232 0.586754
0.004028 0.067394 0.124065 0.312521 0.817564 0.003454 0.032059 0.000404 0.157941 0.042900 0.059130 1.000000 0.118799 0.091597
0.001138 0.518305 0.037073 0.096103 0.342893 0.678054 0.177564 0.531795 0.138935 0.188450 0.218232 0.118799 1.000000 0.760705
0.041720 0.263038 0.002963 0.005442 0.147754 0.397776 0.480055 0.424155 0.314773 0.517221 0.586754 0.091597 0.760705 1.000000
