1.000000 0.301084 0.220910 0.049441 0.137749 0.186550 0.474405 0.096373 0.014562 0.041852
0.301084 1.000000 0.397403 0.222007 0.182402 0.310194 0.624606 0.135798 0.032837 0.074873
0.220910 0.397403 1.000000 0.176358 0.399555 0.827817 0.736972 0.314094 0.047149 0.176719
0.049441 0.222007 0.176358 1.000000 0.059042 0.205157 0.142866 0.078052 0.052677 0.099719
0.137749 0.182402 0.399555 0.059042 1.000000 0.444739 0.512394 0.696157 0.242909 0.565254
0.186550 0.310194 0.827817 0.205157 0.444739 1.000000 0.667174 0.401035 0.098783 0.241339
0.474405 0.624606 0.736972 0.142866 0.512394 0.667174 1.000000 0.423824 0.104044 0.258177
0.096373 0.135798 0.314094 0.078052 0.696157 0.401035 0.423824 1.000000 0.288584 0.683242
0.014562 0.032837 0.047149 0.052677 0.242909 0.098783 0.104044 0.288584 1.000000 0.743508
0.041852 0.074873 0.176719 0.099719 0.565254 0.241339 0.258177 0.683242 0.743508 1.000000
