1.000000 0.087067 0.000810 0.010579 0.055931 0.032611 0.009619 0.005121 0.023352 0.007178 0.008715 0.019060 0.005476 0.002948 0.005347 0.006875 0.005188 0.001995 0.005655 0.104439 0.031173 0.019678 0.016534 0.004959 0.034363 0.054327 0.002840 0.001943 0.009363 0.001108 0.002649 0.005526 0.008359 0.001974 0.002212 0.056190 0.000600 0.031719 0.000064 0.015028 0.031709 0.046737 0.009199 0.016790 0.009330 0.011460 0.001994 0.046341
0.087067 1.000000 0.056343 0.377322 0.355772 0.167414 0.064586 0.071120 0.157547 0.078193 0.075411 0.244819 0.051957 0.084777 0.082725 0.087017 0.084840 0.082545 0.066055 0.196835 0.093275 0.048715 0.100261 0.087965 0.097149 0.095687 0.063809 0.064429 0.101017 0.066709 0.065638 0.119323 0.099101 0.119240 0.062934 0.349864 0.060849 0.083634 0.056493 0.468959 0.161106 0.181106 0.090981 0.112622 0.109066 0.125172 0.062248 0.296006
0.000810 0.056343 1.000000 0.131628 0.126559 0.107158 0.051752 0.068094 0.029247 0.073938 0.064569 0.023710 0.049840 0.069666 0.083117 0.084309 0.085268 0.085909 0.060888 0.009825 0.058729 0.045662 0.077304 0.068555 0.061238 0.061938 0.065393 0.067304 0.093080 0.072438 0.067428 0.125712 0.091868 0.129354 0.067792 0.122220 0.066003 0.043377 0.062729 0.122507 0.107270 0.098414 0.095816 0.090204 0.102333 0.116299 0.067221 0.203386
0.010579 0.377322 0.131628 1.000000 0.634188 0.245958 0.120865 0.154123 0.078534 0.163897 0.147923 0.069781 0.114686 0.159417 0.190195 0.192438 0.183320 0.195157 0.138095 0.034306 0.148036 0.125047 0.181854 0.158465 0.187567 0.186025 0.141835 0.151948 0.211336 0.161037 0.151503 0.291146 0.208867 0.294624 0.140344 0.622930 0.149812 0.098663 0.140691 0.760348 0.246220 0.235257 0.227315 0.204709 0.229061 0.266951 0.141070 0.513411
0.055931 0.355772 0.126559 0.634188 1.000000 0.265325 0.124575 0.150451 0.104395 0.162766 0.146639 0.094559 0.111313 0.154389 0.180672 0.184510 0.180127 0.185067 0.136301 0.128476 0.162428 0.117008 0.192178 0.157261 0.194669 0.192839 0.138086 0.144785 0.209939 0.152782 0.145554 0.287685 0.206872 0.276908 0.136589 0.995735 0.141268 0.114337 0.132164 0.535771 0.264411 0.281060 0.221919 0.212807 0.226840 0.262150 0.136605 0.575110
0.032611 0.167414 0.107158 0.245958 0.265325 1.000000 0.099466 0.124426 0.095031 0.134053 0.121430 0.168207 0.091818 0.131146 0.150748 0.153675 0.151673 0.154955 0.112301 0.151615 0.113878 0.081428 0.149973 0.132252 0.117827 0.118796 0.116583 0.120864 0.171969 0.128335 0.121193 0.226758 0.170256 0.357742 0.116677 0.257680 0.117879 0.093857 0.111734 0.235541 0.997567 0.206320 0.169912 0.171839 0.205015 0.333157 0.116924 0.663629
0.009619 0.064586 0.051752 0.120865 0.124575 0.099466 1.000000 0.061623 0.032362 0.066197 0.060366 0.026802 0.045760 0.064023 0.075518 0.076489 0.073183 0.078118 0.055495 0.021441 0.054070 0.040560 0.852096 0.066453 0.057217 0.057567 0.056073 0.060386 0.084928 0.063544 0.060160 0.111651 0.083858 0.116006 0.055449 0.120652 0.059266 0.047058 0.055367 0.112789 0.099433 0.096415 0.084920 0.082992 0.091894 0.106945 0.055743 0.209493
0.005121 0.071120 0.068094 0.154123 0.150451 0.124426 0.061623 1.000000 0.036951 0.084572 0.075969 0.029099 0.058786 0.081151 0.097081 0.098291 0.094542 0.100054 0.071158 0.017456 0.066455 0.052753 0.092613 0.080816 0.071929 0.072796 0.072713 0.078126 0.108781 0.082689 0.086070 0.145086 0.106841 0.150734 0.072895 0.145403 0.076866 0.051484 0.072204 0.142423 0.124631 0.117599 0.110438 0.104817 0.118071 0.136155 0.073352 0.262789
0.023352 0.157547 0.029247 0.078534 0.104395 0.095031 0.032362 0.036951 1.000000 0.040195 0.037107 0.777935 0.027106 0.041684 0.043843 0.044916 0.043520 0.043799 0.033432 0.043141 0.237382 0.041765 0.051260 0.043223 0.151916 0.146401 0.033278 0.033843 0.051794 0.035232 0.034478 0.065602 0.051315 0.065257 0.031643 0.102199 0.032512 0.040752 0.030327 0.082848 0.076072 0.328678 0.054940 0.055260 0.056789 0.064559 0.031330 0.208222
0.007178 0.078193 0.073938 0.163897 0.162766 0.134053 0.066197 0.084572 0.040195 1.000000 0.081307 0.031681 0.062439 0.086003 0.102847 0.104190 0.110549 0.106678 0.075888 0.021968 0.071508 0.056072 0.099183 0.085075 0.076854 0.077780 0.078730 0.083113 0.139843 0.088742 0.083034 0.154386 0.114007 0.160042 0.078016 0.157381 0.081751 0.055200 0.076784 0.152124 0.134198 0.127006 0.117453 0.112427 0.126269 0.144955 0.078312 0.271713
0.008715 0.075411 0.064569 0.147923 0.146639 0.121430 0.060366 0.075969 0.037107 0.081307 1.000000 0.034375 0.056566 0.084070 0.095232 0.096497 0.090408 0.150368 0.069301 0.021434 0.064271 0.050338 0.090391 0.084058 0.069697 0.070442 0.069309 0.074885 0.104359 0.079123 0.074392 0.138692 0.103054 0.144472 0.068690 0.141782 0.073675 0.069422 0.069193 0.137173 0.121222 0.114467 0.105433 0.101183 0.113024 0.131269 0.069506 0.259478
0.019060 0.244819 0.023710 0.069781 0.094559 0.168207 0.026802 0.029099 0.777935 0.031681 0.034375 1.000000 0.020550 0.049453 0.037088 0.038214 0.035187 0.036510 0.026242 0.039368 0.142786 0.032782 0.041699 0.051564 0.102792 0.100115 0.026478 0.026106 0.040879 0.026946 0.026312 0.050358 0.041146 0.056506 0.025673 0.092813 0.024722 0.052464 0.023327 0.070018 0.122041 0.192688 0.042206 0.045024 0.046069 0.062820 0.025166 0.171592
0.005476 0.051957 0.049840 0.114686 0.111313 0.091818 0.045760 0.058786 0.027106 0.062439 0.056566 0.020550 1.000000 0.759164 0.894816 0.892722 0.069837 0.097232 0.053042 0.013960 0.051137 0.042273 0.069204 0.059017 0.057263 0.066655 0.053873 0.058053 0.080675 0.061490 0.057852 0.118061 0.079263 0.112248 0.053314 0.107592 0.057213 0.036985 0.053688 0.105376 0.092030 0.087894 0.083693 0.077898 0.087127 0.111404 0.053725 0.181540
0.002948 0.084777 0.069666 0.159417 0.154389 0.131146 0.064023 0.081151 0.041684 0.086003 0.084070 0.049453 0.759164 1.000000 0.675163 0.675263 0.096907 0.119599 0.072953 0.013084 0.070245 0.057529 0.095495 0.102525 0.078310 0.084705 0.073841 0.080024 0.112439 0.084387 0.079145 0.195854 0.110100 0.172957 0.073948 0.149033 0.078698 0.069521 0.073573 0.146833 0.130188 0.120172 0.115980 0.107792 0.120765 0.201303 0.074142 0.254106
0.005347 0.082725 0.083117 0.190195 0.180672 0.150748 0.075518 0.097081 0.043843 0.102847 0.095232 0.037088 0.894816 0.675163 1.000000 0.995949 0.115443 0.176515 0.087253 0.016852 0.098332 0.090072 0.112910 0.103901 0.117628 0.134066 0.088793 0.096333 0.133252 0.101949 0.095746 0.208051 0.131869 0.187667 0.088216 0.174493 0.095070 0.065806 0.089122 0.173726 0.150912 0.143488 0.148588 0.127471 0.143683 0.175105 0.089485 0.295104
0.006875 0.087017 0.084309 0.192438 0.184510 0.153675 0.076489 0.098291 0.044916 0.104190 0.096497 0.038214 0.892722 0.675263 0.995949 1.000000 0.116921 0.177613 0.088413 0.021213 0.099644 0.090656 0.114428 0.105243 0.118807 0.135168 0.090000 0.097488 0.135044 0.103165 0.096910 0.210250 0.133501 0.190097 0.089632 0.178281 0.096123 0.066369 0.090123 0.176149 0.153798 0.146423 0.150059 0.129418 0.145598 0.178236 0.090785 0.299666
0.005188 0.084840 0.085268 0.183320 0.180127 0.151673 0.073183 0.094542 0.043520 0.110549 0.090408 0.035187 0.069837 0.096907 0.115443 0.116921 1.000000 0.119409 0.084791 0.020945 0.079612 0.066133 0.109427 0.095531 0.087506 0.088533 0.089744 0.093719 0.213968 0.099431 0.093863 0.194001 0.128312 0.179648 0.091524 0.174130 0.091527 0.059740 0.086572 0.170753 0.151806 0.140223 0.144884 0.126557 0.143405 0.162481 0.092579 0.340182
0.001995 0.082545 0.085909 0.195157 0.185067 0.154955 0.078118 0.100054 0.043799 0.106678 0.150368 0.036510 0.097232 0.119599 0.176515 0.177613 0.119409 1.000000 0.090648 0.014335 0.082144 0.067616 0.116511 0.106043 0.091227 0.093096 0.092222 0.099354 0.137173 0.105591 0.098770 0.187702 0.134929 0.192195 0.091103 0.178635 0.098143 0.071496 0.091962 0.179324 0.155189 0.144636 0.141063 0.131175 0.148377 0.172874 0.092122 0.323037
0.005655 0.066055 0.060888 0.138095 0.136301 0.112301 0.055495 0.071158 0.033432 0.075888 0.069301 0.026242 0.053042 0.072953 0.087253 0.088413 0.084791 0.090648 1.000000 0.019691 0.059942 0.047126 0.083400 0.073106 0.064824 0.065529 0.065295 0.069970 0.097917 0.074222 0.069800 0.129798 0.095711 0.134978 0.064907 0.131756 0.068914 0.044373 0.065004 0.127605 0.112469 0.106724 0.098868 0.094358 0.105719 0.122193 0.065150 0.236806
0.104439 0.196835 0.009825 0.034306 0.128476 0.151615 0.021441 0.017456 0.043141 0.021968 0.021434 0.039368 0.013960 0.013084 0.016852 0.021213 0.020945 0.014335 0.019691 1.000000 0.037277 0.007332 0.034634 0.016909 0.030083 0.028389 0.015452 0.013011 0.028461 0.012800 0.014150 0.021822 0.024952 0.028960 0.014175 0.128848 0.010502 0.035277 0.009011 0.041998 0.149984 0.101849 0.014858 0.043855 0.030976 0.043982 0.014125 0.138012
0.031173 0.093275 0.058729 0.148036 0.162428 0.113878 0.054070 0.066455 0.237382 0.071508 0.064271 0.142786 0.051137 0.070245 0.098332 0.099644 0.079612 0.082144 0.059942 0.037277 1.000000 0.349659 0.085859 0.069305 0.738090 0.720096 0.061815 0.064096 0.091651 0.067683 0.064722 0.171751 0.093888 0.133364 0.064981 0.158524 0.062250 0.051355 0.058964 0.135619 0.112846 0.629566 0.224652 0.093482 0.103222 0.125458 0.064247 0.382916
0.019678 0.048715 0.045662 0.125047 0.117008 0.081428 0.040560 0.052753 0.041765 0.056072 0.050338 0.032782 0.042273 0.057529 0.090072 0.090656 0.066133 0.067616 0.047126 0.007332 0.349659 1.000000 0.061157 0.053109 0.853694 0.864676 0.048902 0.052430 0.095332 0.055589 0.052256 0.350040 0.076463 0.115458 0.049617 0.114095 0.051630 0.031606 0.048839 0.102877 0.081643 0.125731 0.741751 0.069368 0.081949 0.106615 0.049876 0.228734
0.016534 0.100261 0.077304 0.181854 0.192178 0.149973 0.852096 0.092613 0.051260 0.099183 0.090391 0.041699 0.069204 0.095495 0.112910 0.114428 0.109427 0.116511 0.083400 0.034634 0.085859 0.061157 1.000000 0.098845 0.088612 0.088980 0.083646 0.090158 0.127854 0.094651 0.090050 0.166781 0.125778 0.173044 0.082908 0.186300 0.088369 0.072712 0.082543 0.170401 0.149894 0.150384 0.126964 0.125286 0.138101 0.160758 0.083124 0.307631
0.004959 0.087965 0.068555 0.158465 0.157261 0.132252 0.066453 0.080816 0.043223 0.085075 0.084058 0.051564 0.059017 0.102525 0.103901 0.105243 0.095531 0.106043 0.073106 0.016909 0.069305 0.053109 0.098845 1.000000 0.074968 0.076082 0.073349 0.078746 0.110309 0.083079 0.078339 0.145758 0.109447 0.152150 0.072278 0.151625 0.077445 0.079323 0.072534 0.146813 0.131114 0.122006 0.111212 0.108814 0.119914 0.138668 0.072667 0.336063
0.034363 0.097149 0.061238 0.187567 0.194669 0.117827 0.057217 0.071929 0.151916 0.076854 0.069697 0.102792 0.057263 0.078310 0.117628 0.118807 0.087506 0.091227 0.064824 0.030083 0.738090 0.853694 0.088612 0.074968 1.000000 0.996766 0.066427 0.070496 0.112487 0.074613 0.070451 0.320485 0.104194 0.157614 0.066005 0.191090 0.069207 0.050621 0.065036 0.157786 0.117341 0.419257 0.595855 0.098239 0.115834 0.148095 0.066271 0.362893
0.054327 0.095687 0.061938 0.186025 0.192839 0.118796 0.057567 0.072796 0.146401 0.077780 0.070442 0.100115 0.066655 0.084705 0.134066 0.135168 0.088533 0.093096 0.065529 0.028389 0.720096 0.864676 0.088980 0.076082 0.996766 1.000000 0.066862 0.071264 0.113923 0.075322 0.071229 0.324636 0.115095 0.159117 0.066714 0.189144 0.069922 0.051814 0.065719 0.156902 0.118312 0.401886 0.603961 0.099302 0.115930 0.149657 0.066996 0.359953
0.002840 0.063809 0.065393 0.141835 0.138086 0.116583 0.056073 0.072713 0.033278 0.078730 0.069309 0.026478 0.053873 0.073841 0.088793 0.090000 0.089744 0.092222 0.065295 0.015452 0.061815 0.048902 0.083646 0.073349 0.066427 0.066862 1.000000 0.072062 0.099842 0.078108 0.072009 0.133904 0.098537 0.138484 0.070908 0.133390 0.070689 0.046281 0.067056 0.132126 0.116705 0.107515 0.102310 0.097284 0.109610 0.125097 0.071184 0.282368
0.001943 0.064429 0.067304 0.151948 0.144785 0.120864 0.060386 0.078126 0.033843 0.083113 0.074885 0.026106 0.058053 0.080024 0.096333 0.097488 0.093719 0.099354 0.069970 0.013011 0.064096 0.052430 0.090158 0.078746 0.070496 0.071264 0.072062 1.000000 0.106839 0.082152 0.077422 0.144174 0.105272 0.161247 0.072356 0.139829 0.076412 0.047497 0.072205 0.139660 0.121165 0.113103 0.109960 0.102503 0.115905 0.134753 0.073019 0.281172
0.009363 0.101017 0.093080 0.211336 0.209939 0.171969 0.084928 0.108781 0.051794 0.139843 0.104359 0.040879 0.080675 0.112439 0.133252 0.135044 0.213968 0.137173 0.097917 0.028461 0.091651 0.095332 0.127854 0.110309 0.112487 0.113923 0.099842 0.106839 1.000000 0.113330 0.106847 0.264380 0.146420 0.206291 0.099461 0.203038 0.105073 0.071000 0.098645 0.195449 0.172171 0.163545 0.209336 0.144255 0.162159 0.188298 0.100275 0.338858
0.001108 0.066709 0.072438 0.161037 0.152782 0.128335 0.063544 0.082689 0.035232 0.088742 0.079123 0.026946 0.061490 0.084387 0.101949 0.103165 0.099431 0.105591 0.074222 0.012800 0.067683 0.055589 0.094651 0.083079 0.074613 0.075322 0.078108 0.082152 0.113330 1.000000 0.081866 0.152773 0.117027 0.159055 0.076838 0.147485 0.081189 0.049315 0.076292 0.148111 0.128691 0.119421 0.116634 0.108508 0.126936 0.142524 0.077459 0.414525
0.002649 0.065638 0.067428 0.151503 0.145554 0.121193 0.060160 0.086070 0.034478 0.083034 0.074392 0.026312 0.057852 0.079145 0.095746 0.096910 0.093863 0.098770 0.069800 0.014150 0.064722 0.052256 0.090050 0.078339 0.070451 0.071229 0.072009 0.077422 0.106847 0.081866 1.000000 0.143700 0.105116 0.149126 0.072572 0.140560 0.076057 0.046701 0.071515 0.139590 0.121488 0.113576 0.109450 0.102740 0.116023 0.134038 0.073071 0.243397
0.005526 0.119323 0.125712 0.291146 0.287685 0.226758 0.111651 0.145086 0.065602 0.154386 0.138692 0.050358 0.118061 0.195854 0.208051 0.210250 0.194001 0.187702 0.129798 0.021822 0.171751 0.350040 0.166781 0.145758 0.320485 0.324636 0.133904 0.144174 0.264380 0.152773 0.143700 1.000000 0.196593 0.302092 0.134593 0.278929 0.142074 0.086039 0.133802 0.263725 0.227429 0.217507 0.472236 0.189934 0.216103 0.299220 0.135560 0.469078
0.008359 0.099101 0.091868 0.208867 0.206872 0.170256 0.083858 0.106841 0.051315 0.114007 0.103054 0.041146 0.079263 0.110100 0.131869 0.133501 0.128312 0.134929 0.095711 0.024952 0.093888 0.076463 0.125778 0.109447 0.104194 0.115095 0.098537 0.105272 0.146420 0.117027 0.105116 0.196593 1.000000 0.203926 0.097560 0.200114 0.103546 0.071080 0.097304 0.192750 0.170451 0.160615 0.151033 0.144283 0.165016 0.184326 0.098348 0.346430
0.001974 0.119240 0.129354 0.294624 0.276908 0.357742 0.116006 0.150734 0.065257 0.160042 0.144472 0.056506 0.112248 0.172957 0.187667 0.190097 0.179648 0.192195 0.134978 0.028960 0.133364 0.115458 0.173044 0.152150 0.157614 0.159117 0.138484 0.161247 0.206291 0.159055 0.149126 0.302092 0.203926 1.000000 0.137975 0.267338 0.148470 0.089896 0.139162 0.270008 0.359214 0.217711 0.219471 0.196699 0.400901 0.791307 0.139288 0.497408
0.002212 0.062934 0.067792 0.140344 0.136589 0.116677 0.055449 0.072895 0.031643 0.078016 0.068690 0.025673 0.053314 0.073948 0.088216 0.089632 0.091524 0.091103 0.064907 0.014175 0.064981 0.049617 0.082908 0.072278 0.066005 0.066714 0.070908 0.072356 0.099461 0.076838 0.072572 0.134593 0.097560 0.137975 1.000000 0.131936 0.070256 0.043940 0.067312 0.131940 0.116785 0.105653 0.102970 0.097297 0.110262 0.124408 0.077433 0.256340
0.056190 0.349864 0.122220 0.622930 0.995735 0.257680 0.120652 0.145403 0.102199 0.157381 0.141782 0.092813 0.107592 0.149033 0.174493 0.178281 0.174130 0.178635 0.131756 0.128848 0.158524 0.114095 0.186300 0.151625 0.191090 0.189144 0.133390 0.139829 0.203038 0.147485 0.140560 0.278929 0.200114 0.267338 0.131936 1.000000 0.136367 0.110801 0.127566 0.520727 0.256757 0.273898 0.215326 0.206231 0.219350 0.253560 0.131934 0.561244
0.000600 0.060849 0.066003 0.149812 0.141268 0.117879 0.059266 0.076866 0.032512 0.081751 0.073675 0.024722 0.057213 0.078698 0.095070 0.096123 0.091527 0.098143 0.068914 0.010502 0.062250 0.051630 0.088369 0.077445 0.069207 0.069922 0.070689 0.076412 0.105073 0.081189 0.076057 0.142074 0.103546 0.148470 0.070256 0.136367 1.000000 0.045795 0.070892 0.137225 0.118258 0.110376 0.108375 0.100392 0.117713 0.132711 0.070927 0.245812
0.031719 0.083634 0.043377 0.098663 0.114337 0.093857 0.047058 0.051484 0.040752 0.055200 0.069422 0.052464 0.036985 0.069521 0.065806 0.066369 0.059740 0.071496 0.044373 0.035277 0.051355 0.031606 0.072712 0.079323 0.050621 0.051814 0.046281 0.047497 0.071000 0.049315 0.046701 0.086039 0.071080 0.089896 0.043940 0.110801 0.045795 1.000000 0.041926 0.095588 0.091940 0.091106 0.064928 0.072254 0.076087 0.084997 0.045117 0.241044
0.000064 0.056493 0.062729 0.140691 0.132164 0.111734 0.055367 0.072204 0.030327 0.076784 0.069193 0.023327 0.053688 0.073573 0.089122 0.090123 0.086572 0.091962 0.065004 0.009011 0.058964 0.048839 0.082543 0.072534 0.065036 0.065719 0.067056 0.072205 0.098645 0.076292 0.071515 0.133802 0.097304 0.139162 0.067312 0.127566 0.070892 0.041926 1.000000 0.128930 0.112077 0.103244 0.102184 0.094489 0.107138 0.124300 0.067648 0.215671
0.015028 0.468959 0.122507 0.760348 0.535771 0.235541 0.112789 0.142423 0.082848 0.152124 0.137173 0.070018 0.105376 0.146833 0.173726 0.176149 0.170753 0.179324 0.127605 0.041998 0.135619 0.102877 0.170401 0.146813 0.157786 0.156902 0.132126 0.139660 0.195449 0.148111 0.139590 0.263725 0.192750 0.270008 0.131940 0.520727 0.137225 0.095588 0.128930 1.000000 0.235546 0.232495 0.202660 0.190870 0.212789 0.246994 0.132163 0.484764
0.031709 0.161106 0.107270 0.246220 0.264411 0.997567 0.099433 0.124631 0.076072 0.134198 0.121222 0.122041 0.092030 0.130188 0.150912 0.153798 0.151806 0.155189 0.112469 0.149984 0.112846 0.081643 0.149894 0.131114 0.117341 0.118312 0.116705 0.121165 0.172171 0.128691 0.121488 0.227429 0.170451 0.359214 0.116785 0.256757 0.118258 0.091940 0.112077 0.235546 1.000000 0.205058 0.170433 0.171730 0.205272 0.333322 0.117058 0.663874
0.046737 0.181106 0.098414 0.235257 0.281060 0.206320 0.096415 0.117599 0.328678 0.127006 0.114467 0.192688 0.087894 0.120172 0.143488 0.146423 0.140223 0.144636 0.106724 0.101849 0.629566 0.125731 0.150384 0.122006 0.419257 0.401886 0.107515 0.113103 0.163545 0.119421 0.113576 0.217507 0.160615 0.217711 0.105653 0.273898 0.110376 0.091106 0.103244 0.232495 0.205058 1.000000 0.180218 0.165597 0.178144 0.205295 0.105813 0.622131
0.009199 0.090981 0.095816 0.227315 0.221919 0.169912 0.084920 0.110438 0.054940 0.117453 0.105433 0.042206 0.083693 0.115980 0.148588 0.150059 0.144884 0.141063 0.098868 0.014858 0.224652 0.741751 0.126964 0.111212 0.595855 0.603961 0.102310 0.109960 0.209336 0.116634 0.109450 0.472236 0.151033 0.219471 0.102970 0.215326 0.108375 0.064928 0.102184 0.202660 0.170433 0.180218 1.000000 0.144702 0.167053 0.198637 0.103581 0.400505
0.016790 0.112622 0.090204 0.204709 0.212807 0.171839 0.082992 0.104817 0.055260 0.112427 0.101183 0.045024 0.077898 0.107792 0.127471 0.129418 0.126557 0.131175 0.094358 0.043855 0.093482 0.069368 0.125286 0.108814 0.098239 0.099302 0.097284 0.102503 0.144255 0.108508 0.102740 0.189934 0.144283 0.196699 0.097297 0.206231 0.100392 0.072254 0.094489 0.190870 0.171730 0.165597 0.144702 1.000000 0.157053 0.180422 0.097425 0.451576
0.009330 0.109066 0.102333 0.229061 0.226840 0.205015 0.091894 0.118071 0.056789 0.126269 0.113024 0.046069 0.087127 0.120765 0.143683 0.145598 0.143405 0.148377 0.105719 0.030976 0.103222 0.081949 0.138101 0.119914 0.115834 0.115930 0.109610 0.115905 0.162159 0.126936 0.116023 0.216103 0.165016 0.400901 0.110262 0.219350 0.117713 0.076087 0.107138 0.212789 0.205272 0.178144 0.167053 0.157053 1.000000 0.256062 0.110437 0.397628
0.011460 0.125172 0.116299 0.266951 0.262150 0.333157 0.106945 0.136155 0.064559 0.144955 0.131269 0.062820 0.111404 0.201303 0.175105 0.178236 0.162481 0.172874 0.122193 0.043982 0.125458 0.106615 0.160758 0.138668 0.148095 0.149657 0.125097 0.134753 0.188298 0.142524 0.134038 0.299220 0.184326 0.791307 0.124408 0.253560 0.132711 0.084997 0.124300 0.246994 0.333322 0.205295 0.198637 0.180422 0.256062 1.000000 0.125216 0.456527
0.001994 0.062248 0.067221 0.141070 0.136605 0.116924 0.055743 0.073352 0.031330 0.078312 0.069506 0.025166 0.053725 0.074142 0.089485 0.090785 0.092579 0.092122 0.065150 0.014125 0.064247 0.049876 0.083124 0.072667 0.066271 0.066996 0.071184 0.073019 0.100275 0.077459 0.073071 0.135560 0.098348 0.139288 0.077433 0.131934 0.070927 0.045117 0.067648 0.132163 0.117058 0.105813 0.103581 0.097425 0.110437 0.125216 1.000000 0.245883
0.046341 0.296006 0.203386 0.513411 0.575110 0.663629 0.209493 0.262789 0.208222 0.271713 0.259478 0.171592 0.181540 0.254106 0.295104 0.299666 0.340182 0.323037 0.236806 0.138012 0.382916 0.228734 0.307631 0.336063 0.362893 0.359953 0.282368 0.281172 0.338858 0.414525 0.243397 0.469078 0.346430 0.497408 0.256340 0.561244 0.245812 0.241044 0.215671 0.484764 0.663874 0.622131 0.400505 0.451576 0.397628 0.456527 0.245883 1.000000
